<?xml version="1.0" encoding="UTF-8" standalone="no"?>
<!DOCTYPE svg PUBLIC "-//W3C//DTD SVG 20010904//EN"
              "http://www.w3.org/TR/2001/REC-SVG-20010904/DTD/svg10.dtd">

<svg xmlns="http://www.w3.org/2000/svg"
     width="1.27778in" height="1.375in"
     viewBox="0 0 92 99">
  <path id="Sans nom #1"
        fill="none" stroke="black" stroke-width="1"
        d="M 47.45,37.00
           C 47.53,36.88 23.00,36.00 20.27,37.09
             19.36,37.55 17.55,39.82 17.64,41.27
             25.81,38.60 52.64,38.45 63.64,40.55
             68.27,42.36 68.10,39.84 68.55,39.91
             65.09,36.09 59.82,36.91 52.27,36.00
             52.71,36.42 48.81,33.80 48.55,33.55
             49.61,31.70 69.73,20.64 72.64,19.36
             71.73,17.45 70.64,14.82 67.55,14.73
             69.67,15.22 46.67,29.71 43.64,29.00
             33.55,23.53 24.12,15.93 16.45,18.64
             15.12,19.02 14.52,19.91 13.91,21.36
             27.55,20.55 41.82,32.27 47.45,37.00 Z" />
</svg>
